	 240000.0          12900.0          11100.0       3700.0	
	 330000.0          12900.0          11100.0       0.0	
	 1220000.0          12900.0          11100.0       3700.0	
	 3479900.0          11100.0          9000.0       30	
	 3480000.0          6712.941433848135          12231.653308815732       5350.034439873778	
	 3496000.0          5814.645790759044          13378.809686706518       6835.651235339693	
	 3521000.0          5545.91724348215          13706.597843942505       7265.060867556469	
	 3546000.0          5533.412398938083          13700.530429717315       7265.290800369532	
	 3571000.0          5520.924684214603          13694.512579813767       7265.509725930452	
	 3596000.0          5508.439981873677          13688.52332081504       7265.715325652715	
	 3621000.0          5495.968045139136          13682.565021573851       7265.884420291481	
	 3646000.0          5483.50001066519          13660.985008499949       7258.581828428657	
	 3671000.0          5471.043736913552          13630.820811329268       7247.17661302189	
	 3696000.0          5458.594644308943          13600.78713090092       7235.7992459539	
	 3721000.0          5446.146006196641          13570.914884415604       7224.463369282145	
	 3746000.0          5433.703741758128          13541.191055481559       7213.1643082285855	
	 3771000.0          5421.267587712174          13511.593131608519       7201.891695629378	
	 3796000.0          5408.828481894324          13482.144871441169       7190.664007244246	
	 3821000.0          5396.390875805737          13452.800975729435       7179.455937955127	
	 3846000.0          5383.9577585093175          13423.570226466312       7168.26828175894	
	 3871000.0          5371.517697142045          13394.443601963567       7157.105956848029	
	 3896000.0          5359.072642276423          13365.398727056456       7145.954812291698	
	 3921000.0          5346.6339532520315          13336.438936192482       7134.822730612882	
	 3946000.0          5334.183651192534          13307.547349990087       7123.702499218262	
	 3971000.0          5321.72549479224          13278.718503417713       7112.582558061312	
	 3996000.0          5309.2607786116305          13249.939788930582       7101.466669181917	
	 4021000.0          5296.792048155096          13221.205352098645       7090.352249843654	
	 4046000.0          5284.308618667917          13192.499659161975       7079.232463258286	
	 4071000.0          5271.818972049346          13163.815347440723       7068.110859166293	
	 4096000.0          5259.318084120246          13135.150971047779       7056.977981169591	
	 4121000.0          5246.799391344676          13106.485215759849       7045.8340202501995	
	 4146000.0          5234.269994249888          13077.810564532483       7034.664987491802	
	 4171000.0          5221.7295075046895          13049.11779216574       7023.480541744841	
	 4196000.0          5209.169979972674          13020.407873657177       7012.27723034947	
	 4221000.0          5196.591411871755          12991.654852964282       7001.036122952993	
	 4246000.0          5183.994666979361          12962.860911752825       6989.772179978447	
	 4271000.0          5171.377940430488          12934.010849705859       6978.477990508886	
	 4296000.0          5158.742311007429          12905.091461158905       6967.139427292342	
	 4321000.0          5146.084154124131          12876.099550465591       6955.761661906796	
	 4346000.0          5133.402322471091          12847.02748923518       6944.343629697075	
	 4371000.0          5120.700401830149          12817.864056247015       6932.874454362978	
	 4396000.0          5107.97100836148          12788.590605248623       6921.353644130696	
	 4421000.0          5095.2175893507665          12759.205134060854       6909.785234621047	
	 4446000.0          5082.432407016897          12729.70161450913       6898.157829937472	
	 4471000.0          5069.623377572121          12700.064994028324       6886.465205738365	
	 4496000.0          5056.780666041277          12670.27968538397       6874.71177523905	
	 4521000.0          5043.905750742321          12640.346293383483       6862.894758197087	
	 4546000.0          5031.00325738593          12610.2593896501       6851.002359168295	
	 4571000.0          5018.072881164642          12579.992984053182       6839.035925688934	
	 4596000.0          5005.098895303505          12549.546041753129       6826.993723036342	
	 4621000.0          4992.096172607881          12518.91226249325       6814.87204792747	
	 4646000.0          4979.056053532297          12488.083981233944       6802.663840182207	
	 4671000.0          4965.977499488764          12457.040875050861       6790.371009495015	
	 4696000.0          4952.857815954154          12425.766775950693       6777.981501549205	
	 4721000.0          4939.702155528283          12394.276137492861       6765.503951193977	
	 4746000.0          4926.507453725627          12362.553876835605       6752.927541811768	
	 4771000.0          4913.265838977262          12330.590033504337       6740.257625528616	
	 4796000.0          4899.980675084904          12298.333769929073       6727.468914716875	
	 4821000.0          4886.6592717361555          12265.82955614785       6714.576463210586	
	 4846000.0          4873.289474305991          12233.049226021103       6701.5756378518745	
	 4871000.0          4859.874441410953          12199.999467008969       6688.463572354885	
	 4896000.0          4846.409097305421          12166.62802449239       6675.231020441905	
	 4921000.0          4832.894496202527          12132.947062647021       6661.872142869247	
	 4946000.0          4819.334416192148          12098.960271439244       6648.393802577904	
	 4971000.0          4805.718635179367          12064.648781930848       6634.7891800733005	
	 4996000.0          4792.053858111069          12030.029465907193       6621.062507266792	
	 5021000.0          4778.339042205107          11995.027976005173       6607.183405197792	
	 5046000.0          4764.561304274217          11959.671688106062       6593.169453340085	
	 5071000.0          4750.733837497868          11923.952510711857       6579.016642457483	
	 5096000.0          4736.854306989365          11887.872238709408       6564.720966431897	
	 5121000.0          4722.916286136338          11851.422331244537       6550.284851343342	
	 5146000.0          4708.920590178232          11814.575732707717       6535.691992432438	
	 5171000.0          4694.853479245598          11777.307653619211       6520.94310631948	
	 5196000.0          4680.736363249273          11739.617292579085       6506.0280056762995	
	 5221000.0          4666.551868396324          11701.509481109852       6490.95259404903	
	 5246000.0          4652.304763337169          11662.993986815954       6475.7200814198395	
	 5271000.0          4638.00148726923          11624.02787486815       6460.320856695601	
	 5296000.0          4623.630128309012          11584.633799372343       6444.754625025189	
	 5321000.0          4609.191567440298          11544.75552214035       6429.005298431887	
	 5346000.0          4594.679810747338          11504.371606545617       6413.070876149145	
	 5371000.0          4580.0986866326575          11463.533100496656       6396.961441453239	
	 5396000.0          4565.4549094707245          11422.217496552035       6380.665853152053	
	 5421000.0          4550.737612078322          11380.39656433832       6364.184588904532	
	 5446000.0          4535.948404664009          11338.080690491306       6347.513672316718	
	 5471000.0          4521.090225963091          11295.261745079748       6330.655243156287	
	 5496000.0          4506.153534691529          11251.879090157296       6313.584325944514	
	 5521000.0          4491.13939152312          11207.948568083842       6296.312356383297	
	 5546000.0          4476.051754446408          11163.4816963538       6278.832230677005	
	 5571000.0          4460.885153374881          11118.458115203464       6261.14817926159	
	 5596000.0          4445.638383700614          11068.459091193785       6235.609668162226	
	 5621000.0          4430.314000490469          11000.300038859234       6179.068087644222	
	 5646000.0          4414.914437864266          10922.538243503752       6105.96367571264	
	 5671000.0          4399.432891234539          10844.735320520698       6032.844054664498	
	 5696000.0          4112.512992581501          10428.14359923115       5697.964911145092	
	 5721000.0          3991.155550833459          10239.949055476332       5558.522158997716	
	 5746000.0          3981.6445938596676          10196.47826328319       5535.373165288238	
	 5771000.0          3974.7608615437784          10154.082151831786       5513.802615282277	
	 5796000.0          3944.311112111711          10029.83093470443       5443.0073145131855	
	 5821000.0          3912.8014691028548          9901.843713591032       5370.072481190442	
	 5846000.0          3881.292773643468          9773.857624409906       5297.137456066894	
	 5871000.0          3849.78386722263          9645.870804079583       5224.209127435315	
	 5896000.0          3818.274257048641          9517.881639318812       5151.277971777619	
	 5921000.0          3786.765246032996          9389.895111857015       5078.349845242067	
	 5946000.0          3755.2560219957904          9261.90813953566       5005.417000679959	
	 5971000.0          3645.284252974853          9049.443030660368       4872.076042028968	
	 5996000.0          3551.97559633986          8887.098680921521       4773.694504072842	
	 6021000.0          3513.4060198284333          8809.049705952772       4734.8995530504335	
	 6046000.0          3498.4768011187175          8760.953063482077       4717.400081735537	
	 6071000.0          3483.5515072400367          8712.859790863016       4699.897240654097	
	 6096000.0          3468.6200586505815          8664.759300426584       4682.400524999587	
	 6121000.0          3453.68845188722          8616.661435233198       4664.896510606237	
	 6146000.0          3427.450687496035          8446.64437885529       4613.968490092352	
	 6171000.0          3387.5644942273193          8080.64598533128       4505.338785959985	
	 6196000.0          3364.3795745713373          7851.434797523452       4430.716139714376	
	 6221000.0          3367.100000000001          7879.759999999999       4424.957824147054	
	 6246000.0          3369.8142857142843          7908.081428571429       4419.199508921948	
	 6271000.0          3372.5285714285706          7936.402857142858       4413.441192597295	
	 6296000.0          3375.248848378677          7964.726782669156       4407.678990117271	
	 6321000.0          3284.167064119487          7754.61832386991       4305.140337714381	
	 6346000.0          2526.8882487668484          5666.968519724568       2908.276752221043	
